63
62
69
62
63
70
53
54
72
61
72
68
70
60
58
64
70
61
67
61
64
61
72
66
66
65
64
60
62
63
66
64
59
57
75
76
59
65
69
63
62
70
64
72
65
70
75
68
54
65
71
66
65
60
70
68
63
65
60
63
56
62
68
66
63
73
64
58
61
64
65
60
67
55
68
64
54
73
72
62
66
52
61
64
66
54
70
62
61
62
58
71
61
58
58
61
59
70
61
65
62
68
64
59
67
65
62
67
62
63
65
66
57
67
56
68
60
60
57
63
71
60
56
66
54
69
66
62
64
64
63
65
57
64
58
66
63
63
63
65
68
62
58
69
66
71
62
61
64
71
65
73
52
73
58
57
64
59
65
64
61
65
65
67
67
61
69
70
65
54
56
68
65
68
76
53
63
66
71
62
58
65
71
64
65
62
64
67
67
72
66
67
61
57
54
70
74
74
63
65
56
62
67
63
62
70
69
68
66
74
58
63
71
61
59
60
68
68
63
69
70
64
64
65
72
56
65
69
63
64
64
66
61
58
66
68
62
71
61
71
64
56
54
74
61
56
67
68
65
66
67
59
65
64
64
69
58
61
63
61
59
70
69
72
68
65
67
62
68
69
63
61
61
75
60
64
62
60
64
65
58
70
58
62
62
67
69
64
67
66
62
66
71
69
63
60
63
59
73
66